id      class imbanlance:      without SMOTE:  cm_accuracy  AUC  balanced_accuracy  MSE  RMSE  MAE       BINARY-SMOTE:  cm_accuracy  AUC  balanced_accuracy  MSE  RMSE  MAE       GRADIENT-SMOTE:  cm_accuracy  AUC  balanced_accuracy  MSE  RMSE  MAE

1462    0.1104                                 0.99         1     0.98              0.14  0.121  0.015                  0.99         1     0.99              0.12  0.108  0.012                    0.99         1     0.98              0.015  0.121  0.015
44      0.2112                                 0.95         0.98  0.94              0.05  0.230  0.052                  0.95         0.98  0.94              0.05  0.228  0.052                    0.95         0.98  0.94              0.050  0.224  0.050
40982   0.3184                                 0.76         0.95  0.77              3.07  1.751  0.691                  0.76         0.95  0.77              3.12  1.765  0.702                    0.79         0.95  0.79              2.829  1.682  0.632
1475    0.3380                                 0.59         0.82  0.47              3.04  1.744  0.990                  0.60         0.82  0.49              2.83  1.683  0.944                    0.58         0.82  0.47              3.114  1.765  1.011
1497    0.3440                                 0.99         1     0.98              0.02  0.133  0.012                  0.99         1     0.98              0.02  0.141  0.012                    0.99         1     0.99              0.016  0.127  0.010
11      0.3824                                 0.79         0.84  0.58              0.42  0.648  0.28                   0.81         0.84  0.59              0.42  0.648  0.267                    0.78         0.82  0.58              0.484  0.695  0.305
1489    0.4130                                 0.89         0.95  0.87              0.11  0.329  0.108                  0.90         0.95  0.89              0.09  0.310  0.096                    0.89         0.95  0.89              0.107  0.326  0.107
1063    0.5900                                 0.77         0.67  0.61              0.23  0.478  0.229                  0.80         0.77  0.69              0.19  0.445  0.198                    0.79         0.75  0.66              0.214  0.462  0.214
1067    0.6908                                 0.84         0.8   0.58              0.15  0.394  0.155                  0.84         0.81  0.63              0.16  0.396  0.157                    0.85         0.82  0.67              0.151  0.389  0.151
1049    0.7558                                 0.87         0.91  0.61              0.13  0.355  0.126                  0.90         0.93  0.70              0.10  0.323  0.104                    0.90         0.93  0.73              0.098  0.314  0.099
